>> homework1

A =

  100.0000  150.0000  200.0000  250.0000  300.0000  350.0000  400.0000  450.0000  500.0000
    0.0000    0.0000    0.0000    0.0001    0.0018    0.0121    0.0511    0.1563    0.3823