>> times=[0:2:24]'

times =

     0
     2
     4
     6
     8
    10
    12
    14
    16
    18
    20
    22
    24



>> T=[84.3,86.4,85.2,87.1,83.5,84.8,85.0,85.3,85.3,85.2,82.3,84.7,83.6;90.0,89.5,88.6,88.9,88.9,90.4,89.3,89.5,88.9,89.1,89.5,89.4,89.8;86.7,87.6,88.3,85.3,80.3,82.4,83.4,85.4,86.3,85.3,89.0,87.3,87.2]'

T =

   84.3000   90.0000   86.7000
   86.4000   89.5000   87.6000
   85.2000   88.6000   88.3000
   87.1000   88.9000   85.3000
   83.5000   88.9000   80.3000
   84.8000   90.4000   82.4000
   85.0000   89.3000   83.4000
   85.3000   89.5000   85.4000
   85.3000   88.9000   86.3000
   85.2000   89.1000   85.3000
   82.3000   89.5000   89.0000
   84.7000   89.4000   87.3000
   83.6000   89.8000   87.2000



>> m=[times,T]

m =

         0   84.3000   90.0000   86.7000
    2.0000   86.4000   89.5000   87.6000
    4.0000   85.2000   88.6000   88.3000
    6.0000   87.1000   88.9000   85.3000
    8.0000   83.5000   88.9000   80.3000
   10.0000   84.8000   90.4000   82.4000
   12.0000   85.0000   89.3000   83.4000
   14.0000   85.3000   89.5000   85.4000
   16.0000   85.3000   88.9000   86.3000
   18.0000   85.2000   89.1000   85.3000
   20.0000   82.3000   89.5000   89.0000
   22.0000   84.7000   89.4000   87.3000
   24.0000   83.6000   89.8000   87.2000



>> homework2

n =

   87.1000   90.4000   89.0000
    6.0000   10.0000   20.0000
   82.3000   88.6000   80.3000
   20.0000    4.0000    8.0000